-1.26 21.27 2
7.96 -20.77 1
6.99 -9.96 1
-15.91 3.33 0
23.31 4.27 2
-14.09 7.91 0
21.36 5.29 2
-2.95 -21.07 1
-5.26 1.18 0
-5.48 8.08 0
11.22 16.92 2
3.01 -11.99 1
-2.41 -4.85 1
-23.26 -1.91 0
24.46 2.66 2
-1.40 -15.86 1
17.17 -2.39 2
5.62 -12.93 1
-2.85 -14.29 1
-13.77 8.85 0
6.44 19.48 2
0.03 -10.34 1
-8.09 -8.81 1
-19.19 -4.52 0
17.54 4.63 2
6.11 -5.46 1
21.33 8.11 2
4.78 -5.18 1
0.44 -7.38 1
-14.53 9.43 0
0.24 26.59 2
-13.63 7.37 0
-5.02 -3.60 1
-6.03 -11.22 1
18.01 3.47 2
-3.19 -9.59 1
6.13 15.90 2
-13.37 9.99 0
-0.02 -11.68 1
-20.74 12.82 0
-4.39 -10.77 1
25.05 0.77 2
2.82 -9.29 1
5.66 -10.37 1
-3.56 -18.92 1
-20.85 3.08 0
3.01 -11.39 1
1.64 -10.74 1
5.02 20.77 2
3.94 20.88 2
0.98 -6.80 1
6.27 -7.26 1
6.90 -13.32 1
1.67 -9.99 1
10.71 -9.21 1
10.32 13.99 2
3.25 -9.59 1
6.66 -11.72 1
22.43 10.56 2
-19.41 -8.14 0
-23.57 3.62 0
4.77 -11.74 1
-23.89 0.59 0
-21.56 -8.82 0
28.18 7.43 2
21.39 11.18 2
21.36 8.29 2
14.77 17.14 2
19.45 -4.41 2
-7.71 -19.19 1
7.91 -10.86 1
-6.15 -5.71 1
6.31 20.10 2
-18.42 11.80 0
-1.28 0.97 0
2.99 -9.24 1
2.75 -11.29 1
6.56 -13.93 1
-3.43 22.84 0
-1.26 23.80 2
0.19 -15.57 1
1.34 -19.62 1
21.70 7.18 2
-20.24 -5.36 0
-3.73 -2.33 1
7.50 -20.86 1
6.52 -3.71 1
18.20 -13.21 1
22.07 2.24 2
-24.10 -1.81 0
3.14 -14.10 1
-20.61 -14.86 0
-20.18 12.00 0
12.56 -20.24 1
-0.16 -17.46 1
20.14 -4.68 2
3.12 -10.38 1
22.57 0.69 2
-24.69 -5.22 0
19.92 -19.20 1
22.77 4.99 2
8.56 23.52 2
-0.01 -3.91 1
-14.34 -23.07 1
24.50 1.27 2
-16.44 11.55 0
18.07 -1.41 2
-0.79 -9.23 1
3.68 -11.34 1
0.86 -7.07 1
16.83 -1.39 2
18.75 2.69 2
2.37 -17.66 1
-2.00 -10.53 1
3.61 -11.31 1
2.84 -7.49 1
-4.98 -4.54 1
-3.19 -16.20 1
0.29 -15.95 1
-11.93 11.52 0
-3.32 -3.67 1
16.71 -12.12 1
0.05 -18.77 1
-3.65 -14.98 1
24.51 1.22 2
-16.19 -0.52 0
7.65 21.09 2
1.77 -10.77 1
-15.35 13.88 0
4.32 -15.59 1
2.02 24.14 2
-3.91 3.83 0
-8.44 -7.62 1
-19.63 -12.00 0
18.42 -14.95 1
-0.99 -13.18 1
14.56 17.15 2
1.07 -17.98 1
1.21 -5.26 1
-18.30 14.03 0
3.56 21.53 2
2.80 -7.27 1
-10.03 -11.59 1
-26.95 0.82 0
22.42 -10.87 1
-4.35 -17.56 1
18.01 10.40 2
4.87 -20.40 1
4.21 -0.22 1
-18.43 11.88 0
8.08 22.28 2
-2.23 -2.52 1
-12.03 -14.19 1
-16.93 -8.00 0
19.64 -12.42 1
6.28 -2.24 1
20.02 6.83 2
3.86 -19.63 1
7.17 -12.27 1
-16.20 11.62 0
6.02 20.84 2
-12.96 8.28 0
1.56 -15.38 1
5.05 -10.99 1
18.20 15.43 2
2.42 -10.29 1
4.29 22.58 2
-14.51 12.32 0
3.65 -6.80 1
-16.94 12.66 0
4.05 -12.54 1
25.34 -12.59 1
-2.31 -3.41 1
0.13 -20.01 1
-2.23 -19.54 1
-21.54 -8.63 0
-2.48 -9.62 1
-1.92 3.65 0
2.81 24.27 2
10.78 16.17 2
-9.58 -9.77 1
-9.73 -12.54 1
0.77 -22.19 1
-5.09 -0.97 0
0.24 -4.68 1
10.66 21.46 2
2.07 -7.39 1
-3.24 -8.90 1
15.70 13.27 2
-26.07 3.51 0
-19.14 -2.19 0
8.92 -21.08 1
-21.88 2.28 0
-23.03 -2.41 0
20.38 -10.45 1
23.70 5.47 2
18.44 13.38 2
18.90 16.66 2
21.10 -12.78 1
-10.30 10.45 0
7.21 -9.87 1
-0.14 -12.38 1
5.71 24.43 2
-14.94 5.34 0
2.90 -4.03 1
-8.98 -12.28 1
-0.08 -14.78 1
-5.40 -12.56 1
14.80 16.28 2
11.31 20.64 2
1.44 -5.46 1
1.13 -23.62 1
17.33 15.88 2
-20.45 -6.70 0
-5.26 -9.30 1
1.08 -10.68 1
5.72 -19.76 1
-18.30 -9.53 0
-1.63 -0.24 1
-19.84 -8.78 0
-14.05 5.21 0
7.58 -10.89 1
-1.65 -21.76 1
19.47 2.26 2
1.79 2.97 2
26.25 -11.81 1
-17.85 -9.14 0
3.92 -11.01 1
24.85 -13.10 1
0.14 25.08 2
-0.30 -11.02 1
-13.52 -9.03 0
17.48 13.75 2
-13.94 9.54 0
9.93 21.58 2
9.53 -9.76 1
-0.20 -20.88 1
7.70 -8.71 1
20.80 -12.87 1
22.26 -15.99 1
5.52 -20.47 1
1.49 1.40 1
5.42 -15.77 1
-1.32 -0.53 1
-4.27 -12.12 1
4.46 -11.03 1
3.17 -12.79 1
17.55 -8.22 1
1.36 -7.55 1
-0.37 -8.03 1
22.70 -13.28 1
-8.97 12.69 0
7.96 23.21 2
-1.76 -2.88 1
-4.06 8.40 0
5.27 -5.36 1
5.65 18.79 2
10.85 -21.26 1
-10.63 -4.29 0
-19.47 3.34 0
20.92 -1.59 2
-11.58 11.23 0
14.57 15.62 2
-5.70 -22.35 1
-6.67 1.70 0
-7.94 -8.73 1
3.15 20.83 2
8.77 -18.58 1
-10.76 -6.62 0
-15.67 -1.23 0
26.45 -3.94 2
-6.21 -17.51 1
18.38 15.16 2
1.07 -17.77 1
1.75 -9.22 1
-4.31 -17.07 1
0.65 20.82 2
13.43 -18.02 1
-13.27 -5.22 0
-22.50 0.82 0
23.40 -1.02 2
-8.89 1.57 0
14.97 15.32 2
7.50 -14.39 1
7.06 -7.67 1
-23.42 8.73 0
5.82 18.50 2
-17.35 10.65 0
-7.50 5.15 0
-7.04 12.80 0
17.76 10.05 2
-8.55 14.44 0
-3.16 18.97 0
-15.14 6.69 0
-2.65 -1.77 1
-16.04 13.87 0
-1.09 -1.75 1
27.57 4.13 2
14.17 -18.81 1
-4.23 -17.73 1
1.35 -13.72 1
-20.54 0.04 0
-7.08 1.42 0
9.72 -16.84 1
3.66 20.54 2
-0.62 24.85 2
-12.37 -1.53 0
-10.07 -5.36 0
-5.25 -19.55 1
-8.13 4.39 0
-13.28 -8.86 0
1.11 21.34 2
5.59 -11.56 1
-12.36 -3.60 0
5.50 13.62 2
-16.32 -3.37 0
-20.75 -1.93 0
1.89 -16.65 1
-25.42 0.55 0
-20.43 -1.71 0
28.89 2.74 2
14.12 16.93 2
14.67 14.97 2
19.18 11.19 2
25.97 2.57 2
-3.23 -11.35 1
11.39 -20.41 1
5.33 1.09 2
1.98 20.73 2
-6.92 -13.63 1
-5.50 2.77 0
-15.54 -7.83 0
-4.80 4.52 0
-15.04 -3.74 0
3.44 24.58 2
0.52 18.00 2
8.28 -25.34 1
2.64 -14.25 1
20.56 5.27 2
-20.47 -0.58 0
-16.02 -6.29 0
6.88 -20.62 1
0.96 -14.20 1
26.41 -4.16 2
13.96 16.81 2
-25.22 -2.73 0
10.93 -23.10 1
-15.98 -2.73 0
-7.23 -6.07 1
10.13 -20.74 1
-1.98 -17.41 1
17.35 11.24 2
1.94 -4.45 1
30.40 7.81 2
-10.43 1.05 0
3.47 -25.26 1
20.69 -6.39 2
1.19 20.31 2
-10.21 11.64 0
-22.37 3.87 0
17.11 17.60 2
-7.89 -13.31 1
14.96 15.66 2
15.21 -12.60 1
4.37 -17.02 1
-7.86 -1.30 0
29.47 9.38 2
28.10 -0.71 2
0.15 -16.00 1
-13.71 -5.06 0
-7.03 1.15 0
-11.44 -6.76 0
-12.94 -11.10 1
-13.46 11.42 0
5.18 -11.91 1
0.81 -0.98 1
-2.19 -13.94 1
28.85 1.68 2
-6.87 8.28 0
-4.93 1.73 0
26.84 -1.23 2
2.29 7.59 2
2.48 24.06 2
3.42 -11.96 1
-0.10 -8.26 1
-23.69 -1.83 0
-5.28 25.00 0
-6.06 2.43 0
-7.64 -11.21 1
-21.29 1.75 0
17.78 -3.77 2
-10.19 -2.93 0
20.82 10.95 2
2.55 -8.56 1
0.14 -1.07 1
-19.39 9.70 0
-0.79 24.95 2
2.51 -10.46 1
-7.15 -1.89 0
-17.38 8.31 0
21.99 -9.72 1
-1.52 -8.06 1
14.06 8.07 2
3.38 -5.47 1
-3.76 -8.22 1
-13.67 11.03 0
4.54 24.04 2
4.50 -8.46 1
-6.07 -5.92 1
-9.30 13.63 0
22.10 -8.12 2
-0.43 -5.94 1
16.16 10.17 2
6.25 -4.70 1
5.09 6.87 2
-14.63 11.36 0
7.51 16.99 2
-10.66 10.80 0
-15.22 1.13 0
-3.45 0.50 0
10.03 11.12 2
-12.27 5.25 0
-2.66 22.56 0
-13.24 10.23 0
-4.83 1.53 0
-20.69 11.77 0
-5.49 -1.86 0
19.18 -6.37 2
-1.31 -3.42 1
7.20 -1.92 1
-4.35 -16.60 1
-20.67 6.62 0
-1.57 -4.43 1
1.51 -7.79 1
2.81 26.52 2
5.37 21.46 2
-10.40 -6.22 0
-11.65 -8.53 1
2.53 -7.11 1
-7.02 2.62 0
-12.46 -5.14 0
-5.40 26.16 0
-0.25 -3.36 1
-11.76 -1.97 0
11.16 7.33 2
-14.19 4.55 0
-11.39 9.72 0
6.18 -0.64 1
-13.91 9.68 0
-12.83 9.18 0
22.58 -4.81 2
19.40 12.78 2
16.82 8.04 2
17.60 11.91 2
20.22 -6.14 2
-21.10 10.88 0
-0.47 -8.07 1
-5.33 6.14 0
2.17 18.85 2
-11.95 7.04 0
-5.79 0.20 0
-5.58 -9.90 1
-6.84 -3.52 0
-9.01 -8.39 1
-0.90 23.85 2
0.09 27.08 2
6.42 -12.74 1
8.84 0.69 2
21.07 9.40 2
-13.56 8.27 0
-6.03 -2.88 0
12.66 -12.08 1
-5.28 -14.13 1
17.35 1.06 2
13.59 10.93 2
-12.82 8.03 0
-0.34 -10.61 1
-15.96 3.85 0
-11.81 8.90 0
1.41 -11.22 1
-1.55 -2.29 1
12.78 13.26 2
-2.30 9.16 0
21.29 -4.47 2
-15.18 3.44 0
1.32 -5.85 1
20.79 -7.14 2
2.86 22.43 2
-7.05 -3.15 0
-12.04 6.38 0
20.86 11.23 2
-6.60 10.80 0
21.14 -3.91 2
2.27 -3.64 1
4.83 -6.23 1
-5.03 -2.07 0
14.94 -3.37 2
21.58 -4.09 2
2.87 -2.32 1
-6.51 -4.13 1
-1.48 8.15 0
-11.14 -6.83 0
3.07 -9.82 1
0.50 -9.89 1
-1.39 -11.22 1
-11.08 13.29 0
8.45 -1.39 1
20.32 -1.85 2
-2.53 -4.04 1
0.60 -9.41 1
19.01 -9.50 1
-12.84 9.46 0
0.61 22.33 2
-5.93 8.75 0
-14.73 12.65 0
-7.94 -2.25 0
-3.52 24.01 0
-0.88 -5.65 1
-3.12 -3.82 1
-13.99 13.46 0
19.37 -6.43 2
-1.96 6.28 0
14.00 12.26 2
-5.83 -18.47 1
3.55 -7.98 1
-7.95 9.95 0
0.13 21.95 2
-0.22 -4.00 1
-5.14 -7.46 1
-19.23 6.43 0
11.84 -7.64 1
-10.00 14.46 0
12.62 14.61 2
-7.22 -22.23 1
3.84 -2.86 1
-8.67 14.06 0
-6.47 18.30 0
1.62 -6.45 1
-8.19 -3.00 0
-12.07 2.28 0
22.32 -1.33 2
-13.65 10.91 0
13.10 17.26 2
-2.46 -16.00 1
-3.83 -2.18 1
-13.67 9.33 0
0.21 22.18 2
-6.09 -4.82 1
-11.89 2.32 0
-11.30 14.41 0
14.08 11.73 2
-11.53 11.77 0
-6.24 23.16 0
-19.45 12.57 0
6.02 -1.62 1
-8.38 6.20 0
0.33 -5.75 1
19.17 -2.81 2
7.42 -3.64 1
3.77 -16.61 1
-4.31 -20.19 1
-17.91 5.68 0
-13.31 12.16 0
11.96 -2.82 2
-2.51 24.69 2
-4.97 29.19 0
-10.33 -8.23 1
-4.99 -5.28 1
-5.74 -16.64 1
3.22 0.23 1
-12.71 -5.46 0
3.65 21.21 2
9.68 -2.93 1
-6.29 -5.75 1
12.96 8.22 2
-15.10 7.96 0
-19.61 10.28 0
-1.39 -19.31 1
-10.96 7.78 0
-11.77 6.72 0
24.74 -2.54 2
12.77 15.17 2
18.36 12.40 2
12.48 16.08 2
14.67 -9.16 1
-14.00 13.98 0
12.10 -1.10 2
-8.41 7.44 0
1.72 18.90 2
-19.14 10.21 0
-7.97 13.55 0
-10.53 -4.20 0
1.05 -1.18 1
-12.95 -2.86 0
-8.63 18.05 0
-1.73 20.17 2
8.26 -5.30 1
-5.48 -20.93 1
14.41 12.42 2
-14.22 5.80 0
-3.24 -0.15 0
4.97 -4.73 1
-2.09 -20.90 1
16.85 -6.48 1
17.71 6.11 2
-9.38 1.22 0
8.95 -1.76 1
-8.25 4.52 0
-10.22 14.70 0
0.43 -9.30 1
2.68 -19.36 1
16.35 14.41 2
2.34 -6.22 1
18.55 -2.04 2
-19.46 4.32 0
7.91 -11.54 1
19.83 -3.56 2
-8.72 19.22 0
-11.48 17.15 0
-16.96 6.48 0
17.49 12.61 2
-9.19 11.31 0
14.50 13.93 2
-0.20 -6.26 1
-4.63 -20.41 1
-10.62 6.57 0
15.66 0.24 2
24.39 -0.83 2
-2.96 -17.47 1
-7.64 -8.76 1
6.52 -2.38 1
-18.97 -9.24 0
-7.41 -5.11 1
-1.82 2.55 0
-6.38 -22.22 1
-20.82 12.35 0
-12.22 13.23 0
12.41 -6.25 1
2.10 -1.55 1
3.65 -10.38 1
15.06 -4.33 2
-18.44 16.36 0
-2.94 24.66 0
2.43 -6.71 1
-13.79 11.45 0
5.72 -6.56 1
3.12 23.42 2
10.30 -26.09 1
-11.27 -5.61 0
-15.87 -1.45 0
23.26 -10.44 1
4.45 1.62 2
16.79 12.71 2
-1.58 -17.67 1
-5.90 1.22 0
2.37 2.54 2
-0.91 11.52 0
13.70 -16.00 1
-10.57 -2.93 0
-18.63 7.78 0
27.16 -9.28 2
2.48 0.26 1
19.30 13.88 2
2.13 -18.91 1
-1.26 3.81 0
7.59 1.64 2
7.55 21.13 2
18.14 -11.14 1
-14.47 -2.79 0
-14.60 -3.25 0
17.06 -3.71 2
0.78 -2.68 1
17.32 13.77 2
4.02 -12.87 1
-3.24 3.49 0
1.74 7.27 2
4.94 19.35 2
10.32 3.06 2
18.23 3.16 2
6.30 -13.63 1
20.27 18.19 2
8.41 -8.10 1
-0.06 25.01 2
0.99 -4.46 1
-3.63 -2.53 1
8.48 1.29 2
-3.68 0.10 0
18.36 -10.62 1
10.25 -22.21 1
14.61 -7.23 1
7.98 -8.37 1
-11.73 6.72 0
4.42 -9.68 1
10.37 -19.54 1
7.69 22.41 2
-0.04 13.20 2
-15.09 -5.90 0
-10.97 -8.20 1
4.13 -16.21 1
-0.53 -6.23 1
-10.10 -8.45 1
14.57 9.41 2
0.57 -24.21 1
-9.73 -3.09 0
11.86 18.12 2
-24.38 6.56 0
-21.92 -0.10 0
0.56 -17.04 1
-24.34 6.38 0
-23.38 -4.10 0
15.73 -5.91 1
15.43 14.77 2
17.54 8.71 2
15.20 15.79 2
22.36 -6.70 2
5.30 -0.30 1
15.15 -14.17 1
9.72 6.00 2
8.41 20.05 2
5.22 -3.09 1
11.51 1.84 2
-13.59 -9.86 0
-3.39 1.78 0
-6.13 -5.60 1
5.75 17.81 2
3.88 23.17 2
0.66 -26.31 1
3.78 -13.54 1
17.95 15.65 2
-20.92 2.18 0
-9.76 1.37 0
8.04 -14.94 1
9.78 -9.91 1
25.19 -6.75 2
19.94 8.79 2
-21.28 4.76 0
9.89 -16.90 1
-5.16 -3.67 1
1.04 2.56 0
13.84 -18.48 1
7.72 -14.60 1
15.20 16.86 2
0.35 -8.66 1
19.53 -5.60 2
-9.66 -0.17 0
14.80 -17.53 1
7.76 -11.81 1
4.22 22.60 2
-3.65 6.84 0
-16.82 -8.99 0
23.09 10.53 2
9.84 -2.77 1
18.23 8.14 2
10.74 -22.24 1
5.71 -12.49 1
0.98 -11.11 1
14.95 -0.67 2
16.00 -9.87 1
12.70 -8.23 1
-13.84 -9.82 0
10.13 -9.45 1
-13.32 -7.43 0
-12.40 -8.59 0
7.86 -8.36 1
-2.39 -19.88 1
9.21 -0.35 2
3.85 -0.18 1
23.41 2.57 2
-2.68 4.84 0
7.23 -4.73 1
13.81 -11.33 1
1.62 3.61 2
3.37 17.29 2
-1.00 4.70 0
8.34 -11.09 1
3.55 -3.61 1
-3.26 19.71 0
2.51 -26.79 1
-11.55 -8.67 1
-5.39 2.00 0
28.22 3.12 2
-3.82 -19.82 1
9.08 21.02 2
-2.34 -16.21 1
4.30 0.97 1
-19.50 13.92 0
-4.09 26.52 0
-2.51 -20.44 1
-13.54 -9.74 0
-21.08 -1.63 0
29.81 -4.17 2
-1.47 -8.18 1
8.06 19.79 2
-2.89 -21.30 1
8.31 -3.83 1
-8.89 14.90 0
4.27 18.07 2
4.19 -26.28 1
-9.86 -4.88 0
-22.17 1.73 0
25.74 2.47 2
-1.35 -10.51 1
14.57 11.39 2
-6.83 -22.78 1
10.32 -8.00 1
-11.34 13.61 0
3.93 25.28 2
-16.51 15.52 0
-7.81 -21.75 1
8.23 -12.30 1
11.17 18.49 2
-4.47 -21.52 1
3.57 23.55 2
-11.05 9.12 0
-5.76 1.44 0
-17.70 14.58 0
-5.56 3.31 0
28.95 3.14 2
12.40 -9.47 1
-8.15 -18.07 1
-3.14 -17.06 1
-20.49 0.23 0
-1.30 -16.42 1
7.54 -18.94 1
1.80 17.80 2
5.36 17.28 2
-12.58 -11.88 1
-0.17 5.95 0
2.80 -16.46 1
0.98 5.02 0
-9.38 -6.72 1
3.66 21.72 2
-0.03 -3.03 1
-7.42 -8.84 1
20.48 6.27 2
-13.84 -6.59 0
-12.34 -5.80 0
-7.40 -20.61 1
-18.69 -1.55 0
-16.32 -7.04 0
26.98 -0.91 2
19.68 12.76 2
13.87 15.07 2
11.25 17.27 2
28.86 -0.72 2
-16.60 16.67 0
0.84 -21.51 1
-2.99 -13.49 1
6.74 22.41 2
-12.51 11.08 0
-3.72 -17.09 1
-3.79 -3.84 1
-6.12 -6.86 1
-3.17 -1.97 1
11.65 13.13 2
-5.14 21.25 0
11.01 -12.80 1
-5.25 -18.70 1
19.00 18.40 2
-21.41 -0.47 0
-11.79 -12.31 1
9.33 -19.70 1
0.80 -17.36 1
25.29 13.65 2
11.08 17.44 2
-19.18 -0.90 0
10.33 -25.30 1
-21.47 1.23 0
-12.61 8.24 0
9.01 -22.51 1
-1.20 -21.26 1
13.28 17.03 2
2.00 -3.66 1
25.41 2.35 2
-13.95 1.64 0
5.72 -26.03 1
25.68 4.37 2
-2.87 22.76 0
-4.25 -14.61 1
-17.43 -1.72 0
18.84 2.37 2
-16.93 12.73 0
17.41 16.20 2
6.22 -26.12 1
-0.01 -18.59 1
1.67 -12.00 1
27.27 -0.56 2
28.76 -0.36 2
-2.31 -19.24 1
-4.09 -2.76 1
-1.59 -5.49 1
-7.39 -6.96 1
-13.43 -5.30 0
-9.30 -15.06 1
-7.84 -20.16 1
-14.80 13.82 0
-2.11 -12.94 1
29.56 3.93 2
-1.72 -3.54 1
0.15 7.71 0
26.43 9.50 2
-11.47 16.04 0
6.79 20.92 2
1.04 -4.35 1
-20.86 12.02 0
10.42 -6.83 1
2.91 -5.78 1
-12.27 -11.28 1
-19.26 9.03 0
28.23 9.63 2
-9.45 3.47 0
12.53 17.75 2
5.18 -8.55 1
-8.95 5.01 0
-19.55 10.89 0
-3.64 24.95 0
-1.88 -7.00 1
-7.05 1.10 0
-17.97 7.82 0
28.76 6.93 2
-13.14 13.58 0
15.77 17.16 2
-3.11 -13.93 1
-9.53 0.88 0
-20.11 13.93 0
-4.44 22.74 0
7.75 -5.24 1
-15.94 -11.07 0
-20.21 6.10 0
20.43 5.51 2
-13.17 13.61 0
10.33 15.98 2
0.34 -13.09 1
-7.20 3.90 0
-21.80 8.93 0
0.68 24.47 2
-24.95 13.18 0
-15.07 16.85 0
-13.83 12.69 0
15.31 16.46 2
-15.87 14.99 0
-6.44 22.79 0
-17.73 14.97 0
-11.40 5.16 0
-21.22 14.26 0
-6.50 -1.72 0
22.70 3.64 2
-7.89 0.97 0
3.52 -14.78 1
2.81 -12.75 1
-14.38 6.48 0
-14.67 17.85 0
-5.20 2.49 0
-14.02 -13.63 1
2.41 -12.67 1
-11.54 3.84 0
-13.13 -6.00 0
-4.59 22.96 0
-0.29 -0.10 1
-11.25 -10.81 1
9.67 17.12 2
-20.08 4.54 0
-19.65 8.10 0
0.56 -14.03 1
-13.93 10.81 0
-17.07 12.49 0
16.78 6.69 2
17.43 16.01 2
14.01 15.70 2
13.24 15.12 2
19.89 -0.14 2
-18.31 10.68 0
-5.08 -3.49 1
-14.36 11.31 0
-10.30 24.08 0
-21.04 10.02 0
-14.88 14.46 0
-16.30 -3.59 0
-8.74 6.15 0
-12.13 -10.50 1
-6.99 19.82 0
-7.19 23.95 0
-2.52 -2.36 1
-2.56 -17.74 1
10.64 16.60 2
-7.91 14.16 0
-11.97 -11.25 1
3.78 -4.56 1
21.65 14.01 2
19.93 8.22 2
-21.63 8.55 0
-1.97 -5.46 1
-12.77 10.26 0
-13.75 14.18 0
-2.20 -5.85 1
5.36 -14.12 1
16.56 11.85 2
-6.43 4.91 0
13.68 6.69 2
-17.16 4.15 0
-3.93 -1.43 0
22.45 -1.48 2
-4.14 23.01 0
-12.30 3.68 0
-17.41 12.17 0
15.68 16.12 2
-22.69 14.44 0
15.91 16.55 2
-0.37 -0.90 1
3.26 -12.34 1
-13.79 16.49 0
27.24 3.14 2
20.53 4.85 2
-1.45 -14.99 1
-12.20 -5.97 0
-7.81 7.41 0
-11.21 -7.31 0
-13.64 -11.25 1
-12.59 18.63 0
1.29 -14.24 1
-17.65 16.20 0
-16.83 12.77 0
13.62 -3.89 2
24.45 -2.85 2
-10.83 7.10 0
-12.36 20.10 0
-9.11 0.97 0
-21.18 10.51 0
-11.76 4.73 0
1.01 21.12 2
6.54 -15.94 1
-11.53 -4.25 0
-23.14 5.44 0
17.00 -1.86 2
1.74 -12.01 1
12.79 16.64 2
-5.36 -18.29 1
1.53 -3.92 1
-12.88 -0.96 0
3.76 26.31 2
8.85 -17.00 1
-8.67 -7.68 1
-23.39 5.35 0
14.49 1.05 2
-4.62 -10.56 1
11.12 19.38 2
-0.04 -16.00 1
-11.21 -15.33 1
-10.90 7.63 0
2.14 22.90 2
8.69 -24.76 1
-15.19 -3.07 0
-24.58 3.21 0
21.26 1.02 2
-4.03 6.21 0
17.20 12.43 2
-1.26 -14.46 1
-8.31 0.71 0
-12.30 7.38 0
-2.84 23.97 0
-7.92 -0.14 0
3.38 -4.79 1
1.26 -7.67 1
18.89 6.02 2
9.15 -10.92 1
7.12 25.65 2
-13.06 6.92 0
-4.52 -0.58 0
-8.56 4.91 0
-3.84 -6.49 1
16.47 6.66 2
9.16 -19.76 1
-4.96 -15.27 1
-3.03 -14.76 1
-24.18 2.59 0
-6.65 -1.00 0
12.57 -22.27 1
4.71 18.38 2
0.30 20.04 2
-5.55 -15.18 1
-9.45 -17.40 1
-15.50 -7.96 0
-5.09 27.38 0
17.16 -11.66 1
-14.28 -5.14 0
16.59 7.09 2
-31.17 8.26 0
-28.40 3.18 0
-3.81 -19.75 1
-28.86 7.51 0
-28.83 4.41 0
18.10 0.15 2
15.34 12.44 2
17.28 8.04 2
19.79 11.14 2
5.11 -7.81 1
-9.67 10.37 0
6.92 -25.26 1
3.77 0.82 1
-3.31 22.17 0
-11.30 -4.46 0
2.40 -12.64 1
-13.00 -3.62 0
-10.21 -2.42 0
-19.14 -0.76 0
1.40 28.03 2
-0.68 30.09 2
13.17 -19.23 1
-4.51 -15.94 1
23.70 7.62 2
-24.80 4.77 0
-16.82 -7.66 0
5.20 -23.77 1
2.30 -15.31 1
17.34 -1.49 2
17.75 12.01 2
-27.88 4.25 0
1.25 -22.28 1
-3.20 -13.08 1
-7.75 4.83 0
7.97 -23.31 1
1.46 -15.79 1
13.63 12.12 2
-6.42 -3.77 0
20.19 -6.29 2
-27.08 6.02 0
14.42 -15.64 1
23.32 2.90 2
-0.76 21.87 2
1.39 -2.26 1
-27.48 4.68 0
19.40 7.99 2
-19.52 9.34 0
15.09 15.89 2
11.64 -21.65 1
-7.74 -19.55 1
3.38 11.43 2
26.04 9.18 2
14.35 3.20 2
-2.18 -14.92 1
-15.26 -6.46 0
-5.16 -9.98 1
-6.05 -9.69 1
-9.12 -3.96 0
1.99 -9.50 1
-7.42 -18.12 1
-17.13 0.71 0
9.32 2.57 2
23.77 3.23 2
-5.99 -5.45 1
-8.51 -5.28 0
17.58 -7.21 1
-2.29 2.42 0
-0.36 26.17 2
-0.40 -11.84 1
-17.40 -1.22 0
-4.34 -7.00 1
0.40 22.69 2
5.72 -14.60 1
-12.20 -6.62 0
-26.15 6.18 0
26.76 1.87 2
-0.82 14.20 0
5.38 19.60 2
-7.03 -18.98 1
-12.04 2.34 0
-14.58 16.42 0
2.31 18.23 2
6.18 -10.94 1
-16.44 -12.44 1
-25.34 1.86 0
27.29 9.04 2
-5.58 11.01 0
17.91 13.46 2
-1.41 -17.03 1
0.03 -8.90 1
-17.07 10.18 0
2.35 17.62 2
8.38 -15.60 1
-18.05 -13.39 0
-25.85 10.81 0
21.02 1.03 2
-3.93 -10.72 1
17.81 12.42 2
-0.57 -15.91 1
-3.24 -16.09 1
-6.54 12.62 0
-0.97 12.17 0
-18.01 13.72 0
-6.58 4.87 0
-9.23 -10.31 1
17.50 12.58 2
-6.02 -17.39 1
2.97 22.71 2
-16.43 12.22 0
-4.38 -7.94 1
-17.98 11.48 0
-3.16 -10.30 1
27.99 10.21 2
5.35 -22.43 1
-5.91 -16.71 1
-6.03 -20.01 1
-11.49 -26.05 1
8.15 8.70 2
4.91 -16.66 1
-0.77 22.86 2
-0.33 19.39 2
-18.83 -11.24 0
-15.36 -11.00 0
-1.76 -20.59 1
-2.29 -13.51 1
-12.98 -7.26 0
0.52 16.57 2
6.96 -26.44 1
-18.88 -9.17 0
13.79 14.10 2
-26.49 12.19 0
-23.85 -5.61 0
-4.32 -19.02 1
-23.41 -2.77 0
-28.39 6.51 0
26.16 12.67 2
15.60 11.47 2
19.02 12.04 2
19.40 10.94 2
27.36 3.80 2
-17.22 11.30 0
10.00 -17.35 1
8.04 -7.08 1
2.74 13.72 2
-14.43 8.56 0
-6.23 7.74 0
-19.87 -11.64 0
-8.88 -16.23 1
-17.09 -9.14 0
-3.81 11.78 0
-3.45 17.16 0
5.50 -26.84 1
-7.95 -17.07 1
13.51 12.77 2
-23.65 -10.92 0
-19.76 -7.33 0
0.12 -20.34 1
-2.66 -17.00 1
28.98 1.21 2
15.26 11.10 2
-22.98 -1.35 0
10.77 -22.54 1
-22.00 -0.21 0
-19.44 11.25 0
12.42 -19.36 1
-2.24 -18.72 1
17.18 9.56 2
-10.51 -14.78 1
27.80 6.52 2
-23.19 0.95 0
14.62 -7.85 1
29.52 6.81 2
2.57 19.23 2
-3.36 -9.67 1
-23.28 -12.89 0
15.40 13.87 2
-22.32 10.99 0
16.52 11.60 2
13.48 -3.44 2
-8.87 -17.09 1
-0.54 -8.27 1
23.89 6.14 2
29.98 8.01 2
-0.76 -18.78 1
-9.15 -0.40 0
-1.35 -5.60 1
-15.79 -6.11 0
-21.91 -10.79 0
4.83 -1.62 1
-7.52 -21.25 1
-18.63 7.69 0
-3.59 -9.02 1
28.12 9.99 2
1.00 -17.33 1
-4.19 -12.91 1
16.37 1.76 2
-23.35 13.53 0
-2.60 7.39 0
-5.25 -17.64 1
-12.11 8.86 0
-4.56 -13.07 1
3.13 24.09 2
-1.69 1.99 0
-10.98 -5.38 0
-30.26 0.15 0
23.46 11.09 2
-9.57 16.11 0
9.36 0.90 2
-4.62 -18.50 1
2.73 -10.01 1
-20.59 13.90 0
8.28 24.39 2
6.71 -17.12 1
-8.55 0.14 0
-25.85 5.91 0
20.53 17.86 2
-12.56 6.13 0
10.84 2.77 2
-8.85 -17.23 1
1.67 -13.35 1
-21.33 11.62 0
5.24 27.91 2
-2.59 7.19 0
-10.11 -5.57 0
-21.23 6.16 0
18.37 7.27 2
2.01 4.56 2
10.99 8.74 2
-12.69 -18.40 1
2.82 -13.78 1
-20.16 13.43 0
-2.77 28.99 2
-19.35 13.02 0
-4.96 5.04 0
1.33 4.05 0
11.99 8.99 2
-6.08 -4.37 1
9.34 13.65 2
-14.12 11.25 0
-1.52 -14.96 1
-11.74 11.06 0
2.82 -14.03 1
24.55 12.46 2
10.28 -23.55 1
-9.12 -13.02 1
-12.69 -16.02 1
-26.63 4.97 0
-4.09 6.49 0
5.68 -26.88 1
6.45 26.14 2
6.50 25.29 2
-17.76 -0.41 0
-15.16 8.48 0
-10.05 -19.16 1
-0.75 -13.32 1
-12.35 0.92 0
-0.65 24.62 2
1.98 1.71 1
-15.17 1.68 0
16.85 11.89 2
-18.12 -2.92 0
-24.28 6.21 0
-6.33 -19.13 1
-25.50 9.14 0
-28.37 12.04 0
23.41 10.74 2
13.10 11.17 2
13.69 11.25 2
14.91 11.22 2
29.48 6.67 2
-14.78 10.94 0
4.11 -24.45 1
-0.41 13.56 2
5.01 20.33 2
-19.40 13.32 0
8.89 7.57 2
-17.65 -7.71 0
3.03 -6.70 1
-12.68 10.82 0
-1.42 22.16 2
-0.91 22.74 2
4.37 -7.78 1
-8.38 -20.51 1
13.84 4.31 2
-25.11 2.19 0
-10.27 -5.22 0
1.41 -19.97 1
-1.48 -18.48 1
24.75 10.31 2
16.70 4.73 2
-21.81 -8.95 0
2.58 -25.34 1
-23.67 3.35 0
-19.65 13.87 0
7.69 -23.18 1
0.03 -15.41 1
11.78 1.81 2
-6.69 -16.44 1
21.00 13.26 2
-22.60 9.35 0
10.78 -21.91 1
28.84 2.01 2
5.20 26.77 2
10.49 -3.53 1
-26.40 1.39 0
11.43 7.66 2
-18.10 10.85 0
10.42 14.49 2
11.17 -17.89 1
-2.78 -17.48 1
-1.91 -7.30 1
25.20 11.24 2
26.46 11.21 2
0.68 -15.00 1
-13.68 5.59 0
-7.86 -12.76 1
-14.10 -2.61 0
-14.63 -2.81 0
-1.02 13.60 0
-6.66 -18.24 1
-18.88 7.51 0
-11.39 -2.44 0
25.37 9.05 2
4.92 -18.10 1
3.67 -10.91 1
28.63 9.73 2
-10.09 10.81 0
9.25 16.64 2
-3.45 -11.68 1
-7.30 19.96 0
-4.90 -1.39 0
-9.77 -4.82 0
-17.70 5.22 0
18.09 -2.96 2
-12.53 7.07 0
11.70 18.57 2
5.86 -10.89 1
-12.49 4.09 0
-21.45 10.39 0
-3.65 19.20 0
-5.53 4.69 0
-6.51 -4.70 1
-21.39 7.40 0
25.79 -0.54 2
-13.06 12.90 0
9.79 19.85 2
1.69 -10.39 1
-8.00 -0.23 0
-22.96 10.75 0
-1.40 18.15 0
-3.12 -0.83 0
-13.31 -7.33 0
-18.58 1.02 0
25.03 -3.71 2
-8.58 15.24 0
11.26 19.75 2
2.47 -12.90 1
-8.45 0.66 0
-22.17 10.81 0
-0.57 20.74 2
-24.54 13.51 0
-13.94 13.53 0
-13.90 11.85 0
13.18 15.77 2
-8.07 12.23 0
-1.80 21.57 2
-20.60 11.82 0
-4.08 4.62 0
-22.38 13.24 0
-7.09 2.58 0
26.69 0.67 2
-5.13 10.35 0
-3.03 -14.84 1
5.51 -9.54 1
-21.46 3.32 0
-16.68 14.04 0
-6.80 10.71 0
-1.69 22.72 2
-3.80 20.32 0
-15.39 -12.41 1
-12.89 -8.24 0
6.31 -11.25 1
4.22 5.10 2
-13.47 -9.54 0
-5.30 28.62 0
-7.62 10.50 0
-11.38 -11.10 1
10.54 24.78 2
-18.39 3.11 0
-20.05 6.60 0
-0.87 -16.79 1
-23.22 5.12 0
-27.88 5.62 0
23.64 -2.23 2
16.24 16.12 2
10.62 20.21 2
17.13 15.54 2
25.74 -2.53 2
-21.73 13.25 0
-7.34 10.46 0
-6.40 11.72 0
-5.74 24.32 0
-24.93 11.08 0
-3.84 11.02 0
-11.62 -10.73 1
-7.09 0.17 0
-14.39 -9.69 0
-6.61 26.98 0
-0.99 20.70 2
-7.72 14.10 0
-4.61 -11.19 1
14.46 20.70 2
-20.51 3.26 0
-6.52 -1.13 0
-8.57 -0.26 0
-1.50 -13.59 1
26.75 0.98 2
14.13 17.98 2
-22.02 1.00 0
-2.98 0.18 0
-21.33 6.35 0
-19.08 13.22 0
-7.35 6.21 0
-2.35 -11.73 1
14.67 18.66 2
-5.71 -0.94 0
25.10 -4.11 2
-19.42 7.94 0
-5.26 14.22 0
24.41 -4.99 2
-2.48 22.92 0
-14.62 10.85 0
-21.72 0.53 0
17.03 17.17 2
-24.31 10.63 0
18.41 13.48 2
-7.61 4.41 0
1.72 -8.33 1
-14.86 12.21 0
26.75 0.03 2
18.59 -7.40 1
-0.41 -13.05 1
-16.89 -11.11 0
-0.80 2.14 0
-18.47 -8.40 0
-11.10 -10.62 1
-5.30 11.87 0
2.42 -10.43 1
-22.86 13.27 0
-8.68 4.61 0
27.01 -2.30 2
1.34 -1.46 1
-3.42 -8.75 1
27.52 -5.50 2
-16.72 4.56 0
-3.36 19.45 0
2.93 -7.63 1
-20.10 9.39 0
-0.24 -3.71 1
6.66 23.74 2
9.92 -23.71 1
-4.94 -6.35 1
-16.63 -6.70 0
22.25 -1.44 2
3.34 -8.73 1
6.59 -4.52 1
-7.21 -18.74 1
9.87 -5.57 1
0.52 3.32 0
6.62 23.50 2
9.36 -18.77 1
-3.94 2.86 0
-17.57 -5.40 0
24.08 -0.52 2
12.43 -7.51 1
15.30 4.41 2
-8.69 -5.34 0
7.61 19.01 2
17.28 -14.21 1
-4.52 -6.71 1
-23.25 -6.53 0
20.52 -2.14 2
-0.02 -11.06 1
19.13 -4.64 2
-8.08 -21.42 1
2.48 -5.39 1
-5.76 -1.13 0
20.09 4.60 2
-4.11 0.80 0
-3.14 -19.95 1
0.69 -7.61 1
17.24 7.28 2
7.72 -10.17 1
4.03 25.08 2
0.90 -11.69 1
15.11 -6.61 1
-7.25 -18.94 1
3.85 0.41 1
27.29 1.18 2
6.14 -25.56 1
0.18 -17.89 1
-3.23 -14.72 1
-16.51 -25.26 1
1.54 0.46 1
9.22 -23.03 1
15.82 13.03 2
0.44 13.80 2
-7.06 11.36 0
-16.67 -11.01 0
6.39 -8.02 1
2.66 -9.69 1
-4.74 3.02 0
10.61 19.71 2
16.21 -20.22 1
-10.23 -5.03 0
15.88 2.38 2
-12.00 -21.52 1
-13.51 -27.49 1
-7.09 -16.89 1
-7.52 -20.73 1
-13.93 -19.16 1
16.13 -6.30 1
21.32 6.96 2
21.93 1.50 2
17.30 6.92 2
-7.07 -17.96 1
-0.94 -2.17 1
14.35 -22.45 1
1.73 -12.90 1
17.36 15.23 2
-18.15 12.08 0
7.93 -5.84 1
-8.89 -1.01 0
2.61 -7.80 1
2.38 28.80 2
10.42 -22.70 1
0.01 -17.88 1
15.61 6.38 2
-22.66 -9.37 0
-9.16 -9.15 1
4.72 -22.46 1
1.54 -14.14 1
-1.21 -17.01 1
14.40 1.86 2
-16.81 -2.50 0
7.40 -26.31 1
-13.61 -5.15 0
0.40 -13.46 1
8.78 -25.80 1
-9.18 -15.88 1
19.19 6.84 2
7.79 -0.91 1
28.29 4.32 2
-20.62 -5.40 0
6.25 -26.51 1
26.28 -3.04 2
11.19 20.79 2
4.57 -11.49 1
-19.68 -0.11 0
17.87 -1.83 2
-18.95 12.72 0
21.16 -1.82 2
5.07 -24.19 1
8.59 -18.30 1
-0.54 -16.53 1
23.75 0.14 2
16.48 -9.76 1
4.51 -19.19 1
-2.71 -6.87 1
-14.61 -2.62 0
9.91 -6.09 1
-2.21 -13.30 1
-12.42 0.79 0
8.81 -11.41 1
-7.77 -13.98 1
26.68 0.75 2
-1.78 -15.46 1
2.60 20.95 2
8.81 -9.23 1
0.51 -15.78 1
9.61 -11.49 1
-2.48 21.23 0
10.91 -9.20 1
-12.85 -8.22 0
-6.46 2.18 0
14.14 -2.88 2
-5.71 8.73 0
20.42 11.35 2
-3.04 -21.77 1
-10.38 -3.25 0
-22.16 12.47 0
0.02 23.56 2
16.23 -17.06 1
-0.99 -10.68 1
-8.23 -13.92 1
29.10 4.46 2
1.28 3.20 0
15.97 15.21 2
8.70 -13.27 1
-0.78 -9.77 1
-19.50 12.57 0
2.38 20.72 2
11.68 -10.29 1
-7.95 -10.93 1
-4.73 -4.67 1
27.79 5.31 2
8.08 8.66 2
21.57 12.57 2
-0.02 -23.10 1
-5.24 -0.78 0
-16.80 12.32 0
-0.03 23.81 2
-16.53 11.99 0
2.92 1.70 1
1.12 1.28 1
16.06 16.05 2
-2.62 -2.63 1
10.33 20.23 2
-21.67 7.92 0
0.44 5.28 0
-23.12 12.82 0
-0.62 -9.24 1
27.10 2.17 2
9.02 -12.33 1
4.67 -14.44 1
3.76 -15.90 1
-3.79 -21.45 1
2.16 4.79 2
10.69 -20.31 1
1.03 18.43 2
3.49 23.12 2
-5.89 3.23 0
-11.20 -9.87 1
4.50 -18.10 1
-6.77 -11.75 1
-7.07 -2.69 0
9.58 10.59 2
10.31 -16.03 1
-4.26 -2.71 1
19.62 13.14 2
-8.88 -11.84 1
-4.95 -15.45 1
4.25 -17.29 1
-0.03 7.84 0
-7.99 -15.35 1
29.00 -0.24 2
20.81 7.68 2
17.61 11.90 2
13.14 21.84 2
25.16 0.20 2
-18.07 15.33 0
10.23 -18.49 1
-3.69 5.37 0
1.81 16.89 2
-20.01 10.25 0
6.72 12.07 2
-10.19 -13.09 1
-0.17 -1.50 1
-14.56 -9.79 0
4.10 18.32 2
-1.46 18.03 0
12.80 -11.29 1
11.01 -15.77 1
22.85 10.05 2
-15.48 -16.06 1
-9.52 -8.61 1
1.90 -18.38 1
12.67 -18.98 1
23.61 6.09 2
24.11 6.09 2
-19.84 -7.85 0
4.53 -22.65 1
-10.96 -1.07 0
-19.15 12.69 0
17.16 -14.91 1
-0.63 -20.80 1
17.55 14.48 2
0.19 -12.03 1
28.44 12.25 2
-1.46 -3.69 1
12.56 -13.14 1
23.60 3.41 2
10.04 17.00 2
-8.39 12.77 0
-18.68 -3.66 0
24.44 0.58 2
-19.23 5.13 0
15.89 17.01 2
10.50 -14.14 1
-3.12 -23.71 1
-0.92 10.03 0
20.23 2.37 2
26.80 2.23 2
3.35 -19.37 1
-10.18 -10.06 1
0.30 -0.50 1
-6.85 -11.77 1
-7.87 -7.60 1
1.58 11.49 2
3.89 -18.75 1
-16.65 7.94 0
-3.97 14.03 0
28.18 7.78 2
3.55 -17.97 1
0.13 -18.65 1
31.70 2.78 2
-14.61 13.34 0
6.46 20.57 2
10.80 -6.96 1
-4.87 12.42 0
-0.34 6.37 0
